$ 1 0.000005 13.097415321081861 53 5 43 5e-11
w 288 112 256 112 0
v 48 96 -48 96 0 1 40 5 0 0 0.5
g -48 96 -80 96 0 0
r 112 128 112 240 0 1200
r 112 0 112 128 0 220.00000000000003
a 160 112 256 112 9 15 -15 1000000 4.504739336492891 -3.268671754711611 100000
R 112 0 112 -64 0 0 40 5 0 0 0.5
w 160 128 112 128 0
w 48 96 160 96 0
162 352 112 288 112 2 default-led 1 0 0 0.01
r 352 112 352 0 0 4700
w 112 0 352 0 0
r 400 112 400 0 0 4700
r 448 112 448 0 0 4700
r 496 112 496 0 0 4700
w 352 0 400 0 0
w 400 0 448 0 0
w 448 0 496 0 0
162 352 224 288 224 2 default-led 1 0 0 0.01
w 160 240 112 240 0
a 160 224 256 224 9 15 -15 1000000 1.803317535545024 -3.268671754711611 100000
w 288 224 256 224 0
w 160 208 160 96 0
w 352 224 400 224 0
w 400 224 400 112 0
w 448 336 448 112 0
w 352 336 448 336 0
w 160 320 160 208 0
w 288 336 256 336 0
a 160 336 256 336 9 15 -15 1000000 -2.248815165876777 -3.268671754711611 100000
w 160 352 112 352 0
162 352 336 288 336 2 default-led 1 0 0 0.01
r 112 240 112 352 0 1800
r 112 352 112 464 0 1000
162 352 448 288 448 2 default-led 1 0 0 0.01
w 160 464 112 464 0
a 160 448 256 448 9 15 -15 1000000 -4.5 -3.268671754711611 100000
w 288 448 256 448 0
w 160 432 160 320 0
w 352 448 496 448 0
w 496 448 496 112 0
R 112 464 48 464 0 0 40 -4.5 0 0 0.5
o 8 8 0 12291 18.307790874547578 0.003895274654159059 0 9 10 0 10 3 12 0 12 3 13 0 13 3 14 0 14 3
