$ 1 0.000009999999999999999 382.76258214399064 82 5 43 5e-11
d 336 80 336 128 2 1N4004
d 336 128 336 176 2 1N4004
d 336 176 336 224 2 1N4004
d 336 320 336 368 2 1N4004
d 336 272 336 320 2 1N4004
d 336 224 336 272 2 1N4004
r 64 240 128 240 0 100000
r 128 240 128 304 0 10000
a 160 224 240 224 8 9 -9 1000000 -0.09057822901620878 -0.09057913479849894 100000
w 128 240 160 240 0
w 160 208 160 176 0
w 160 176 240 176 0
w 240 176 240 224 0
r 240 224 336 224 0 100000
a 496 240 576 240 9 9 -9 1000000 -0.05643964175926687 -0.05644585011986039 100000
w 336 224 496 224 0
w 496 256 496 304 0
r 496 304 576 304 0 100000
w 576 304 576 240 0
r 496 304 496 368 0 10000
g 496 368 496 384 0 0
207 576 240 640 240 4 Out
207 64 240 64 176 4 In
a 160 400 240 400 8 9 -9 1000000 0.0000049585027369395025 0 100000
w 240 400 336 400 0
w 336 400 336 368 0
g 160 416 160 448 0 0
w 160 384 160 352 0
w 240 400 240 352 0
r 240 352 160 352 0 100000
r 160 384 96 384 0 100000
w -80 384 -80 80 0
w -80 80 336 80 0
a -304 80 -224 80 9 9 -9 1000000 0.151425318053164 0.15143290869920384 100000
r -160 80 -80 80 0 47000
w -304 96 -304 128 0
w -160 128 -160 80 0
w -304 64 -336 64 0
207 -336 64 -336 0 4 CV
a 400 -128 320 -128 8 9 -9 1000000 0.653354985819182 0.6173858677528017 100000
g 176 -64 176 -48 0 0
174 176 -128 272 -160 1 20000 0.9950000000000001 Attack B20K
w 176 -128 176 -192 0
w 176 -192 208 -192 0
w 208 -192 224 -160 0
w 816 -16 576 176 0
174 128 -64 96 -128 1 20000 0.30200000000000005 Release A20K
w 128 -128 176 -128 0
r 96 -64 96 0 0 680
g 96 0 96 16 0 0
w 96 -64 96 -96 0
a -80 -144 -160 -144 8 9 -9 1000000 0.32667597097081025 0.32667749290959114 100000
r -80 -128 -16 -128 0 100000
r -80 -128 -80 -64 0 100000
w -16 -128 128 -128 0
g -80 -64 -80 -48 0 0
r -80 -160 -16 -160 0 100000
r -160 -208 -80 -208 0 100000
w -160 -208 -160 -144 0
w -80 -208 -80 -160 0
174 16 -192 -16 -256 1 20000 0.3416 Threshold B20K
w -16 -224 -16 -160 0
g 16 -192 16 -176 0 0
r 16 -256 16 -320 0 100000
R 16 -320 16 -352 0 0 40 9 0 0 0.5
r -304 224 -304 288 0 47000
g -304 288 -304 304 0 0
34 fwdrop\q0.7 1 2e-10 0 1.211837122911567 60 1
d -176 288 -224 288 2 fwdrop\q0.7
d -160 128 -256 128 2 fwdrop\q0.7
d -256 128 -304 128 2 fwdrop\q0.7
w -304 176 -304 128 0
34 fwdrop\q0.2 1 2e-10 0 0.34623917797473347 60 1
d -304 176 -160 176 2 fwdrop\q0.2
w -160 176 -160 128 0
411 0 224 -48 192 0 1 40 5 0 0 0.5 10 0 1
174 -384 96 -336 32 1 20000 0.9950000000000001 Ratio B20K
g -384 96 -384 112 0 0
w -384 32 -384 -144 0
w -384 -144 -160 -144 0
g 128 304 128 320 0 0
w -224 80 -160 80 0
x -395 -389 680 -386 4 24 Diode\sCompressor:\shttps://www.youtube.com/watch?v\qWag-yTyAxPA\at\q1s\aab_channel\qMoritzKlein
a 752 -96 672 -96 8 9 -9 1000000 -0.6208268246647982 -0.6208360593519355 100000
a 544 -112 464 -112 8 9 -9 1000000 -0.0017204784560019024 -0.0017143045973243745 100000
w 544 -160 544 -128 0
d 672 -96 544 -96 2 default
d 752 -144 672 -144 2 default
w 672 -144 672 -96 0
w 752 -144 752 -112 0
r 544 -160 608 -160 0 10000
c 672 -144 608 -144 0 1e-10 -0.3026418890730378 0.001
w 608 -160 608 -176 0
w 608 -176 752 -176 0
w 752 -176 752 -144 0
r 544 -96 544 -32 0 10000
g 544 -32 544 0 0 0
w 608 -144 608 -160 0
x 475 -214 1232 -211 4 24 TI\shttps://www.ti.com/lit/an/sboa068/sboa068.pdf\sAbsolute\sValue\sCircuit
r 544 -160 464 -160 0 10000
w 464 -160 464 -112 0
w 400 -144 400 -192 0
w 400 -192 208 -192 0
w 464 -112 400 -112 0
34 fwdrop\q0.001 1 1.7143528192810002e-7 0 0.0017371779266385195 0 1
d 320 -128 272 -128 2 fwdrop\q0.001
S 64 240 0 240 0 0 false 0 3
R 0 240 -48 240 0 1 80 1 0 0 0.159154943092
207 464 -112 464 -48 5 Abs(Out)
w 96 384 -80 384 0
x 147 -231 324 -228 4 24 Volume\sDetector
x -250 -294 -37 -291 4 24 Volume\sComparator
x -16 129 177 132 4 24 Volume\sModulator
x 35 -306 141 -303 4 24 Threshold
S 752 -80 816 -80 0 1 false 0 2
R 816 -96 880 -96 4 5 50 1 0 0 0.05
209 176 -128 176 -64 0 0.000001 0.653354985819182 0.001 1
368 -384 -144 -384 -176 0 0
r -496 -144 -416 -144 0 100000
g -496 -144 -496 -128 0 0
368 -16 -224 -48 -256 0 0
w 576 176 576 240 0
w 816 -64 816 -16 0
x 834 -132 939 -129 4 24 Sidechain
c -304 224 -160 224 0 1e-9 -0.607639285931399 0.001
w -160 176 -160 224 0
w -304 176 -304 224 0
170 0 256 -48 288 2 20 4000 1 0.05
w 96 -64 128 -64 0
o 61 16 0 12291 0.7351848027500187 0.0001 0 3 21 0 114 0
o 105 16 0 12291 0.731721693315194 0.0001 1 3 54 0 61 0
o 22 16 0 12291 0.9999999186911214 0.0001 2 3 21 0 21 3
o 32 16 0 4099 1.25 0.00009765625 3 1
