$ 1 0.000005668934240362812 6.724437240923179 86 5 43 5e-11
r 368 384 272 384 0 10000
d 448 464 560 464 2 1N4148
d 560 448 448 448 2 1N4148
a 448 400 560 400 9 15 -15 1000000 3.7371023731970734 3.7371359887408055 100000
c 368 384 448 384 0 4.7000000000000004e-8 -4.260194506132759 0.001
w 448 416 448 448 0
w 448 448 448 464 0
w 560 400 560 448 0
w 560 448 560 464 0
c 448 512 560 512 0 4.7e-11 0.3755479999460558 0.001
w 560 512 560 464 0
w 448 512 448 464 0
174 448 560 544 608 1 500000 0.6584000000000001 Gain
w 448 560 448 512 0
w 544 560 560 512 0
r 448 560 448 640 0 47000
g 448 688 448 720 0 0
w 496 608 544 608 0
w 544 608 544 560 0
209 560 400 688 400 0 0.000001 2.8497363110671934 0.001 1
174 864 400 784 448 1 10000 0.5495000000000001 Tone
g 816 496 816 544 0 0
c 816 448 816 496 0 4.7000000000000004e-8 0.09277115599767101 0.001
174 960 496 1008 416 1 100000 0.9950000000000001 Volume
w 912 400 960 400 0
g 960 496 960 528 0 0
w 1088 448 1184 448 0
c 448 688 448 640 0 2.2e-7 -4.205362596824615 0.001
c 1008 448 1088 448 0 0.0000047 0.000999999998969145 0.001
v 192 384 272 384 0 1 400 1.5 0 0 0.5
g 192 384 160 384 0 0
x 38 200 971 203 4 24 https://generalguitargadgets.com/how-to-build-it/technical-help/articles/design-distortion/
d 688 400 688 496 2 default
d 720 496 720 400 2 default
w 720 400 688 400 0
w 688 496 720 496 0
g 720 496 720 528 0 0
r 624 320 752 320 0 1000
w 720 400 768 400 0
w 864 400 912 400 0
o 26 2 0 12291 1.4999904852185555 0.0001 0 2 29 0
