$ 1 0.000005 19.056626845863 59 5 43 5e-11
r 640 160 560 160 0 30000
r 752 176 848 176 0 100000
r 848 176 912 176 0 47000
g 560 192 560 224 0 0
v 448 160 336 160 0 1 80 12.6 0 0 0.5
g 336 160 304 160 0 0
w 640 160 640 96 0
w 640 96 848 96 0
w 848 96 848 176 0
368 912 176 1008 176 0 0
r 560 192 640 192 0 10000
r 560 368 640 368 0 10000
w 848 272 848 352 0
w 640 272 848 272 0
w 640 336 640 272 0
g 560 368 560 400 0 0
r 848 352 912 352 0 47000
r 752 352 848 352 0 100000
r 640 336 560 336 0 68000
w 448 160 560 160 0
w 448 160 448 336 0
w 448 336 560 336 0
w 912 176 912 352 0
a 640 352 752 352 8 15 -15 1000000 0.15660456083921304 0 100000
a 640 176 752 176 8 15 -15 1000000 2.784379953109095 0 100000
a 640 512 752 512 8 15 -15 1000000 0.00013391745955015837 0 100000
w 448 496 560 496 0
r 640 496 560 496 0 82000
r 752 512 848 512 0 100000
r 848 512 912 512 0 47000
g 560 528 560 560 0 0
w 640 496 640 432 0
w 640 432 848 432 0
w 848 432 848 512 0
r 560 528 640 528 0 10000
w 912 512 912 352 0
w 448 496 448 336 0
o 9 8 0 4099 10 0.000390625 0 1
38 4 F1 0 0 20 -1 Max\sVoltage
