$ 1 0.000005 13.097415321081861 53 5 43 5e-11
v -32 80 -128 80 0 1 40 1 0 0 0.5
g -128 80 -160 80 0 0
402 112 112 240 112 1 0\s0\s40\s-9\s0\s0\s0.5 0\s0\s40\s9\s0\s0\s0.5 0\s1\s-5.464587629910667\s0.6612517471046511\s100\sdefault 0\s1\s-0.6612517471046511\s0.6609969174699213\s100\sdefault 0\s1\s0\s0.6609969174699213\s100\sdefault 0\s1\s-9.305357781873017\s0.6360236317205863\s100\sdefault 0\s1\s-9.267641518485316\s0.6485957195637004\s100\sdefault 0\s-1\s0.6360185607406832\s-0.6357637311804751\s100\sdefault 0\s-1\s0\s-0.6357637311804751\s100\sdefault 0\s-1\s15.456445558010635\s-0.6360185607406832\s100\sdefault 0\s-1\s0.6485906485474651\s-0.6483358189182784\s100\sdefault 0\s-1\s0\s-0.6483358189182784\s100\sdefault 0\s-1\s4.711381543803277\s-0.6485906485474651\s100\sdefault 0\s1\s0\s0.6357586602413114\s100\sdefault 0\s1\s-0.6360134898268948\s0.6357586602413114\s100\sdefault 0\s1\s-10.719919838662772\s0.6360134898268948\s100\sdefault 0\s1\s0\s0.005684669312153501\s100\sdefault 0\s1\s0\s-0.006887418530960643\s100\sdefault
w 240 112 304 112 0
w 48 80 112 80 0
g 112 208 112 256 0 0
r 304 112 304 192 0 1000
g 304 192 304 224 0 0
R 224 16 224 -32 0 0 40 5 0 0 0.5
r 224 16 224 80 0 1000
r 112 144 112 208 0 33000
r 48 80 -32 80 0 33000
o 3 4 0 12291 2.9925445092379093 0.0029925445092377854 0 4 3 3 4 0 4 3
