$ 1 0.000005668934240362812 2.922428378123494 86 5 43 5e-11
r 368 384 272 384 0 10000
d 448 464 560 464 2 1N4148
d 560 448 448 448 2 1N4148
a 448 400 560 400 9 15 -15 1000000 0.49188766625231095 0.49189629742441054 100000
c 368 384 448 384 0 4.7e-7 0.001000000000009993 0.001
w 448 416 448 448 0
w 448 448 448 464 0
w 560 400 560 448 0
w 560 448 560 464 0
c 448 512 560 512 0 1e-10 -0.37122954370159233 0.001
w 560 512 560 464 0
w 448 512 448 464 0
174 448 560 544 608 1 500000 0.5891000000000001 Gain
w 448 560 448 512 0
w 544 560 560 512 0
r 448 560 448 640 0 47000
g 448 688 448 720 0 0
w 496 608 544 608 0
w 544 608 544 560 0
209 560 400 672 400 0 0.000001 0.05127419366122232 0.001 1
174 672 400 752 448 1 10000 0.45050000000000007 Tone
g 720 496 720 544 0 0
c 720 448 720 496 0 4.7000000000000004e-8 1.2582960729679933 0.001
174 816 496 864 416 1 100000 0.5594 Volume
w 768 400 816 400 0
g 816 496 816 528 0 0
w 944 448 1040 448 0
r 448 352 448 288 0 1000000
r 448 288 544 288 0 10000
v 544 320 544 288 0 0 40 9 0 0 0.5
g 544 320 544 352 0 0
w 448 288 448 240 0
r 448 288 384 288 0 10000
g 384 288 352 288 0 0
209 448 240 384 240 0 0.000047 4.474458923554162 0.001 1
g 384 240 352 240 0 0
c 448 688 448 640 0 2.2e-7 -0.0541630304082927 0.001
c 864 448 944 448 0 0.0000047 0.000999999999497292 0.001
v 192 384 272 384 0 1 400 1.5 0 0 0.5
g 192 384 160 384 0 0
x 38 200 1177 203 4 24 https://www.wamplerpedals.com/blog/uncategorized/2020/05/how-to-design-a-basic-overdrive-pedal-circuit/
o 26 2 0 12291 1.499990484681022 0.0001 0 2 38 0
