$ 1 0.000005 196.51686219784347 40 5 43 5e-11
170 512 400 432 400 1 20 20000 5 0.25
174 704 528 608 480 1 100000 0.9950000000000001 Treble
174 704 240 624 288 1 100000 0.9950000000000001 Bass
r 512 240 608 240 0 10000
c 608 320 608 240 0 1e-7 0.016956127560342704 0.001
c 704 240 704 320 0 1e-8 2.263383829787565 0.001
r 656 400 656 320 0 15000
r 704 240 800 240 0 10000
w 608 320 656 320 0
w 656 320 704 320 0
w 656 288 656 320 0
w 656 480 656 400 0
c 608 528 512 528 0 1e-9 0.4492951560171372 0.001
c 704 528 800 528 0 1e-8 -1.8463003203781345 0.001
g 800 528 800 560 0 0
w 512 528 512 400 0
w 512 400 512 240 0
c 656 400 848 400 0 0.0000047 0.08422128988216304 0.001
x 629 200 682 203 4 24 Bass
x 630 573 697 576 4 24 Treble
O 848 400 912 400 0 0
x 378 133 966 136 4 24 https://www.eleccircuit.com/passive-tone-control-circuit/
g 800 240 800 272 0 0
x 378 162 1351 165 4 24 https://circuitspedia.com/audio-tone-control-circuit-using-opamp-bass-treble-circuit-diagram/
o 16 64 0 x91013 5 0.0015625 0 1 2 0
o 20 64 0 4098 10 0.1 0 1
