$ 1 0.000005 382.76258214399064 1 5 43 5e-11
a 512 224 624 224 8 15 -15 1000000 0.00005227508364690961 0 100000
a 848 208 960 208 8 15 -15 1000000 4.916563455801993 4.916612621436551 100000
r 416 208 336 208 0 10000
v 336 208 256 208 0 1 220 5 0 0 0.5
g 256 208 240 208 0 0
r 416 208 512 208 0 10000
d 624 224 720 224 2 default
c 720 224 720 288 0 0.000022 4.916612621351278 0.001
g 720 288 720 320 0 0
g 512 240 512 272 0 0
w 512 208 512 176 0
w 624 176 624 224 0
r 512 176 624 176 0 22000
r 848 224 784 224 0 10000
w 848 192 848 144 0
w 848 144 960 144 0
w 960 144 960 208 0
r 960 208 960 288 0 10000
g 960 288 960 320 0 0
w 720 224 784 224 0
r 784 224 784 288 0 10000
w 784 288 720 288 0
s 416 288 416 208 0 1 true
g 416 288 416 320 0 0
368 960 144 960 96 0 0
o 3 512 0 4099 20 0.00009765625 0 2 16 0
