$ 1 0.000001 16.817414165184545 64 5 43 5e-11
. sawtooth-core 0 3 2 3 ifreq 1 0 2 Vpulse 3 1 3 Vsaw 2 0 3 OpAmpElm\s1\s0\s2\rCapacitorElm\s1\s2\rJfetElm\s3\s1\s2\rResistorElm\s2\s4\rOpAmpElm\s5\s4\s3\rRailElm\s5\rCapacitorElm\s3\s4\rResistorElm\s3\s0 8\\s15\\s-15\\s1000000\\s-0.000046540476531017904\\s0\\s100000\s0\\s4.700000000000001e-9\\s-4.654094193578322\\s0.001\s32\\s-4\\s0.00125\s0\\s10000\s9\\s15\\s-15\\s1000000\\s5\\s4.65384489214259\\s100000\s0\\s0\\s40\\s5\\s0\\s0\\s0.5\s0\\s1.8e-11\\s-19.653879492653378\\s0.001\s0\\s220000.00000000003
410 16 144 80 160 1 sawtooth-core 8\s15\s-15\s1000000\s0.000041222527571836396\s0\s100000 0\s4.700000000000001e-9\s4.122293979711212\s0.001 32\s-4\s0.00125 0\s10000 9\s15\s-15\s1000000\s5\s-4.122456964260625\s100000 0\s0\s40\s5\s0\s0\s0.5 0\s1.8e-11\s-10.878455266435802\s0.001 0\s220000.00000000003
i 16 144 -64 144 0 0.00000512
g -64 144 -96 144 0 0
w 144 144 256 144 0
w 144 176 176 176 0
r 336 144 256 144 0 11100
r 336 80 432 80 0 10000
w 336 80 336 144 0
w 432 80 432 160 0
r 336 176 256 176 0 33000
r 336 176 336 240 0 2200
g 336 240 336 256 0 0
R 256 176 224 176 0 0 40 -5 0 0 0.5
w 432 160 464 160 0
a 336 160 432 160 8 15 -15 1000000 -0.31253119650389694 -0.3125 100000
a 528 176 640 176 8 15 -15 1000000 0.00003119587997934111 0 100000
r 464 160 528 160 0 47000
r 528 112 640 112 0 47000
w 528 112 528 160 0
w 640 112 640 176 0
w 640 176 672 176 0
x -132 37 706 40 4 12 https://www.youtube.com/watch?v\qacPlGgY-EHg\alist\qPLOunECWxELQS5bMdWo9VhmZtsCjhjYNcV\aindex\q13\aab_channel\qLantertronics-AaronLanterman
w 176 368 176 176 0
a 272 352 368 352 8 15 -15 1000000 -0.0004561062260882746 -0.0004561153482127963 100000
r 192 336 256 336 0 4700
r 256 304 368 304 0 4700
w 368 304 368 352 0
w 256 304 256 336 0
g 192 336 128 336 0 0
w 368 352 400 352 0
R 160 416 128 416 0 0 40 15 0 0 0.5
r 160 416 256 416 0 220000.00000000003
w 256 416 256 368 0
w 256 336 272 336 0
w 256 368 272 368 0
r 176 368 256 368 0 220000.00000000003
g 528 192 528 224 0 0
o 3 32 0 4099 10 0.0125 0 1
o 13 32 0 12291 5.100755696550902 0.0001 1 2 20 0
o 29 32 0 12291 15.000032868712344 0.0001 2 1
