$ 1 0.000001 54.00526672067058 76 5 43 5e-11
a 192 256 288 256 8 15 -15 1000000 -0.000046540476531017904 0 100000
g 192 272 192 304 0 0
c 160 208 288 208 0 4.700000000000001e-9 -4.654094193578322 0.001
w 288 208 288 256 0
w 160 208 160 240 0
w 160 240 192 240 0
j 224 128 224 160 32 -4 0.00125
w 208 160 160 160 0
w 160 160 160 208 0
w 240 160 288 160 0
w 288 160 288 208 0
w 224 128 480 128 0
w 480 128 480 208 0
r 288 256 384 256 0 10000
a 384 272 480 272 9 15 -15 1000000 5 4.65384489214259 100000
R 384 288 336 288 0 0 40 5 0 0 0.5
c 480 208 384 208 0 1.8e-11 -19.653879492653378 0.001
w 384 208 384 256 0
r 528 272 528 352 0 220000.00000000003
g 528 352 528 384 0 0
w 480 272 528 272 0
w 480 208 480 272 0
207 528 272 576 272 4 Vpulse
207 288 208 336 208 4 Vsaw
207 160 208 112 208 4 ifreq
o 10 64 0 12291 0.0001 0.0001 0 1
