$ 1 0.000005 382.76258214399064 52 5 43 5e-11
a 368 416 448 416 9 12 -12 1000000 -0.1328023174177776 -0.132835268841362 100000
w 368 432 368 480 0
w 448 480 448 416 0
r 368 400 304 400 0 22000
r 448 416 528 416 0 100000
g 560 432 560 480 0 0
O 624 80 672 80 0 0
r 368 480 448 480 0 56000
r 368 480 304 480 0 10000
g 192 512 192 528 0 0
g 304 400 272 400 0 0
j 528 416 560 416 32 -9 0.00125
r 288 352 368 352 0 150000
r 288 320 368 320 0 150000
r 288 288 368 288 0 150000
w 368 288 368 320 0
w 368 320 368 352 0
w 368 352 368 400 0
174 224 320 256 272 1 100000 0.45050000000000007 CV Input
R 224 256 224 224 0 0 40 12 0 0 0.5
R 224 320 224 352 0 0 40 -12 0 0 0.5
w 256 288 288 288 0
174 272 512 304 464 1 100000 0.10400000000000001 CV Bias Trim
r 192 448 272 448 0 33000
R 192 448 192 416 0 0 40 12 0 0 0.5
r 272 512 192 512 0 1000
c 272 96 336 96 0 1e-7 0.07513132317880267 0.001
c 560 80 624 80 0 1e-7 -6.639133687258436e-13 0.001
a 480 80 560 80 9 12 -12 1000000 0.00002112657071444035 0 100000
g 480 64 464 64 0 0
r 336 96 432 96 0 10000000
w 432 96 480 96 0
w 480 96 480 160 0
r 480 160 560 160 0 3000000
w 560 160 560 80 0
r 480 224 560 224 0 2700000
r 560 224 640 224 0 2700000
c 480 272 560 272 0 3.3e-10 0.027646141053821693 0.001
c 560 272 640 272 0 2.2000000000000002e-8 1.9422965613369865 0.001
w 640 272 640 224 0
w 560 272 560 224 0
w 480 272 480 224 0
w 480 224 480 160 0
w 560 400 560 272 0
174 688 272 720 224 1 4700 0.8465 Resonance
w 688 272 640 272 0
w 688 208 688 160 0
w 688 160 560 160 0
w 720 240 752 240 0
w 752 240 752 272 0
w 752 272 688 272 0
O 528 416 528 352 1 0
x 218 3 949 6 4 16 http://musicfromouterspace.com/analogsynth_new/EXPERIMENTERBOARD/pdf/schempg2_schem.pdf
170 272 96 208 96 0 40 4000 5 0.1
o 6 64 0 4098 5 0.1 0 1
o 30 64 0 4099 10 0.00009765625 0 2 30 3
