$ 1 0.000005 0.575460267600573 69 5 43 5e-11
401 304 256 416 256 1 8\s15\s-15\s1000000\s-2.026872689704362\s7.95\s100000 0\s20\s10000000000 1\s0
c 192 320 192 400 0 2.2000000000000002e-8 -1.966416863711787 1e-8
g 192 400 192 416 0 0
R 128 128 128 80 0 0 40 15 0 0 0.5
r 304 192 304 128 0 22000
R 304 128 304 80 0 0 40 7.95 0 0 0.5
r 128 128 128 192 0 4700
r 192 192 192 128 0 4700
w 192 128 128 128 0
32 2N2907 0 1e-13 0 0 1.5 0 0 2 1 1 0 0 1
t 160 256 192 256 2 -1 12.961782081232071 -0.587064832405833 100 2N2907
r 192 272 304 272 0 22000
w 192 192 192 240 0
d 128 192 128 256 2 1N4148
w 128 256 160 256 0
r 128 304 128 400 0 15000
w 192 400 128 400 0
w 304 320 304 272 0
w 416 320 416 256 0
t 304 368 272 368 2 1 0.5736550280835233 -1.3927618356282636 100 default
w 272 352 272 320 0
g 272 384 272 416 0 0
r 336 368 416 368 0 3300
w 416 368 416 320 0
368 416 256 464 256 0 0
368 128 256 80 256 0 0
w 272 320 192 320 0
w 192 320 192 272 0
w 128 304 128 256 0
w 304 192 304 240 0
w 336 368 304 368 0
368 192 192 240 192 0 0
c 304 320 416 320 0 2.2e-11 -2.048313840057712 0.001
R 416 128 416 80 0 0 40 15 0 0 0.5
r 416 128 416 192 0 10000
w 416 192 416 256 0
o 23 1 0 12291 0.03290686380248807 0.0001 0 1
o 28 1 0 4099 20 0.00009765625 1 2 16 0
38 5 F1 0 0 15 -1 INPUT
