$ 1 0.0000049999999999999996 6.186780925036789 64 5 43 5e-11
r 176 112 96 112 0 100000
r 176 48 288 48 0 100000
r 288 128 352 128 0 22000
g 176 304 176 336 0 0
v -16 112 -128 112 0 1 220 6.8 0 0 0.5
g -128 112 -160 112 0 0
w 176 112 176 48 0
w 288 48 288 128 0
368 976 144 1072 144 0 0
r 32 144 112 144 0 100000
w -16 112 32 112 0
a 176 128 288 128 8 15 -15 1000000 2.181346666735848 2.181360916094685 100000
w 112 144 176 144 0
w 32 112 32 144 0
w 32 112 96 112 0
d 112 144 112 224 2 default-led
d 176 224 176 144 2 default-led
w 112 304 176 304 0
x -41 -3 290 0 4 18 Wave\sfolding\s(Serge\stype\swave\smultiplier)
d 112 224 112 304 2 default-led
d 176 304 176 224 2 default-led
d 800 320 800 240 2 default-led
d 736 240 736 320 2 default-led
w 736 320 800 320 0
d 800 240 800 160 2 default-led
d 736 160 736 240 2 default-led
w 656 128 720 128 0
w 656 128 656 160 0
w 736 160 800 160 0
a 800 144 912 144 8 15 -15 1000000 -2.4689837186598123 -2.4689748084700622 100000
w 608 128 656 128 0
r 656 160 736 160 0 100000
w 912 64 912 144 0
w 800 128 800 64 0
g 800 320 848 320 0 0
r 912 144 976 144 0 20000
r 800 64 912 64 0 100000
r 800 128 720 128 0 100000
368 432 128 432 48 0 0
a 496 128 608 128 8 15 -15 1000000 0.000058289864123147214 0 100000
w 352 128 432 128 0
w 608 128 608 64 0
w 496 64 496 112 0
r 432 128 496 112 0 22000
g 496 144 496 192 0 0
r 496 64 608 64 0 180000
368 656 128 656 48 0 0
368 32 112 32 32 0 0
o 8 8 0 4354 10 0.1 0 4 8 3 46 0 46 3
o 38 8 0 4354 10 0.1 1 4 38 3 47 0 47 3
38 4 F1 0 0 20 -1 Max\sVoltage
